 -10.000  -1.0599   0.00000  -0.00105  -0.0171   0.0000   0.0000
  -9.000  -0.9422   0.00000  -0.00102  -0.0181   0.0000   0.0000
  -8.000  -0.8242   0.00000  -0.00099  -0.0191   0.0000   0.0000
  -7.000  -0.7060   0.00000  -0.00096  -0.0201   0.0000   0.0000
  -6.000  -0.5875   0.00000  -0.00094  -0.0211   0.0000   0.0000
  -5.000  -0.4689   0.00000  -0.00092  -0.0222   0.0000   0.0000
  -4.000  -0.3501   0.00000  -0.00090  -0.0233   0.0000   0.0000
  -3.000  -0.2312   0.00000  -0.00089  -0.0244   0.0000   0.0000
  -2.000  -0.1123   0.00000  -0.00088  -0.0255   0.0000   0.0000
  -1.000   0.0067   0.00000  -0.00087  -0.0266   0.0000   0.0000
   0.000   0.1257   0.00000  -0.00087  -0.0277   0.0000   0.0000
   1.000   0.2446   0.00000  -0.00087  -0.0288   0.0000   0.0000
   2.000   0.3635   0.00000  -0.00088  -0.0299   0.0000   0.0000
   3.000   0.4822   0.00000  -0.00089  -0.0311   0.0000   0.0000
   4.000   0.6008   0.00000  -0.00090  -0.0322   0.0000   0.0000
   5.000   0.7192   0.00000  -0.00092  -0.0334   0.0000   0.0000
   6.000   0.8374   0.00000  -0.00094  -0.0345   0.0000   0.0000
   7.000   0.9554   0.00000  -0.00097  -0.0356   0.0000   0.0000
   8.000   1.0730   0.00000  -0.00100  -0.0368   0.0000   0.0000
   9.000   1.1904   0.00000  -0.00103  -0.0379   0.0000   0.0000
  10.000   1.3074   0.00000  -0.00107  -0.0390   0.0000   0.0000
