  -10.000  -0.8158   0.00000  -0.00160  -0.0637   0.0000   0.0000
  -9.000  -0.7011   0.00000  -0.00145  -0.0640   0.0000   0.0000
  -8.000  -0.5861   0.00000  -0.00132  -0.0643   0.0000   0.0000
  -7.000  -0.4710   0.00000  -0.00119  -0.0647   0.0000   0.0000
  -6.000  -0.3558   0.00000  -0.00108  -0.0651   0.0000   0.0000
  -5.000  -0.2405   0.00000  -0.00098  -0.0656   0.0000   0.0000
  -4.000  -0.1251   0.00000  -0.00089  -0.0661   0.0000   0.0000
  -3.000  -0.0097   0.00000  -0.00082  -0.0666   0.0000   0.0000
  -2.000   0.1057   0.00000  -0.00076  -0.0672   0.0000   0.0000
  -1.000   0.2211   0.00000  -0.00072  -0.0678   0.0000   0.0000
   0.000   0.3364   0.00000  -0.00069  -0.0684   0.0000   0.0000
   1.000   0.4516   0.00000  -0.00068  -0.0691   0.0000   0.0000
   2.000   0.5666   0.00000  -0.00069  -0.0698   0.0000   0.0000
   3.000   0.6814   0.00000  -0.00071  -0.0705   0.0000   0.0000
   4.000   0.7961   0.00000  -0.00076  -0.0713   0.0000   0.0000
   5.000   0.9105   0.00000  -0.00082  -0.0721   0.0000   0.0000
   6.000   1.0246   0.00000  -0.00090  -0.0729   0.0000   0.0000
   7.000   1.1384   0.00000  -0.00099  -0.0737   0.0000   0.0000
   8.000   1.2518   0.00000  -0.00111  -0.0746   0.0000   0.0000
   9.000   1.3649   0.00000  -0.00124  -0.0755   0.0000   0.0000
  10.000   1.4775   0.00000  -0.00140  -0.0765   0.0000   0.0000
