   1.00000  0.00116  0.40945
   0.99399  0.00232  0.23185
   0.98333  0.00437  0.15499
   0.97076  0.00675  0.09494
   0.95673  0.00936  0.04459
   0.94180  0.01207  0.00149
   0.92640  0.01482 -0.03764
   0.91078  0.01754 -0.07253
   0.89506  0.02022 -0.10453
   0.87928  0.02285 -0.13529
   0.86348  0.02542 -0.16301
   0.84765  0.02793 -0.19037
   0.83181  0.03039 -0.21619
   0.81596  0.03280 -0.24121
   0.80010  0.03514 -0.26533
   0.78423  0.03743 -0.28937
   0.76836  0.03966 -0.31270
   0.75247  0.04183 -0.33607
   0.73659  0.04394 -0.35835
   0.72069  0.04600 -0.38120
   0.70479  0.04800 -0.40373
   0.68889  0.04993 -0.42599
   0.67299  0.05181 -0.44921
   0.65709  0.05362 -0.47116
   0.64119  0.05537 -0.49430
   0.62528  0.05706 -0.51696
   0.60938  0.05868 -0.54029
   0.59349  0.06024 -0.56359
   0.57759  0.06173 -0.58752
   0.56171  0.06315 -0.61184
   0.54583  0.06449 -0.63647
   0.52995  0.06577 -0.66174
   0.51409  0.06697 -0.68726
   0.49824  0.06809 -0.71403
   0.48240  0.06914 -0.74096
   0.46657  0.07010 -0.76951
   0.45077  0.07098 -0.79850
   0.43498  0.07177 -0.82896
   0.41924  0.07247 -0.86144
   0.40355  0.07307 -0.89700
   0.38796  0.07357 -0.93704
   0.37244  0.07393 -0.97151
   0.35698  0.07416 -1.00637
   0.34156  0.07425 -1.04079
   0.32618  0.07420 -1.07533
   0.31083  0.07400 -1.11048
   0.29554  0.07365 -1.14621
   0.28029  0.07314 -1.18285
   0.26510  0.07248 -1.22003
   0.24997  0.07165 -1.25870
   0.23491  0.07064 -1.29844
   0.21993  0.06946 -1.34019
   0.20504  0.06810 -1.38341
   0.19026  0.06655 -1.42973
   0.17561  0.06480 -1.47813
   0.16110  0.06284 -1.53035
   0.14677  0.06067 -1.58684
   0.13265  0.05829 -1.64882
   0.11882  0.05569 -1.71666
   0.10534  0.05288 -1.79296
   0.09235  0.04986 -1.87822
   0.07999  0.04668 -1.97483
   0.06848  0.04339 -2.08423
   0.05801  0.04007 -2.20669
   0.04873  0.03681 -2.34157
   0.04070  0.03368 -2.48799
   0.03385  0.03072 -2.64479
   0.02805  0.02796 -2.81021
   0.02315  0.02539 -2.98344
   0.01898  0.02297 -3.16427
   0.01543  0.02068 -3.35109
   0.01239  0.01851 -3.54322
   0.00978  0.01642 -3.73517
   0.00755  0.01440 -3.92433
   0.00564  0.01243 -4.09406
   0.00403  0.01049 -4.23412
   0.00270  0.00857 -4.31599
   0.00164  0.00667 -4.30243
   0.00085  0.00479 -4.16219
   0.00032  0.00294 -3.85911
   0.00005  0.00113 -3.40127
   0.00001 -0.00061 -2.83624
   0.00022 -0.00239 -2.18787
   0.00070 -0.00420 -1.48019
   0.00147 -0.00601 -0.79451
   0.00253 -0.00778 -0.21168
   0.00388 -0.00952  0.23570
   0.00553 -0.01120  0.55445
   0.00747 -0.01284  0.76578
   0.00972 -0.01445  0.89535
   0.01232 -0.01603  0.96648
   0.01530 -0.01759  0.99648
   0.01873 -0.01915  0.99755
   0.02269 -0.02072  0.97838
   0.02731 -0.02231  0.94518
   0.03271 -0.02393  0.90197
   0.03907 -0.02557  0.85219
   0.04658 -0.02722  0.79833
   0.05538 -0.02887  0.74289
   0.06555 -0.03046  0.68829
   0.07702 -0.03194  0.63691
   0.08960 -0.03327  0.58987
   0.10306 -0.03441  0.54825
   0.11716 -0.03536  0.51204
   0.13173 -0.03612  0.48065
   0.14664 -0.03670  0.45341
   0.16181 -0.03713  0.43008
   0.17717 -0.03741  0.40955
   0.19269 -0.03756  0.39186
   0.20834 -0.03760  0.37619
   0.22410 -0.03755  0.36223
   0.23995 -0.03740  0.35019
   0.25588 -0.03718  0.33933
   0.27188 -0.03690  0.32931
   0.28794 -0.03656  0.32035
   0.30406 -0.03616  0.31222
   0.32023 -0.03573  0.30467
   0.33644 -0.03526  0.29752
   0.35269 -0.03476  0.29069
   0.36897 -0.03423  0.28402
   0.38526 -0.03369  0.27726
   0.40153 -0.03314  0.26895
   0.41774 -0.03256  0.26162
   0.43394 -0.03194  0.25567
   0.45014 -0.03129  0.25069
   0.46635 -0.03060  0.24641
   0.48259 -0.02988  0.24204
   0.49884 -0.02914  0.23860
   0.51510 -0.02837  0.23520
   0.53138 -0.02758  0.23191
   0.54768 -0.02676  0.22912
   0.56399 -0.02593  0.22641
   0.58031 -0.02509  0.22378
   0.59665 -0.02423  0.22150
   0.61299 -0.02336  0.21922
   0.62934 -0.02248  0.21703
   0.64571 -0.02159  0.21509
   0.66207 -0.02069  0.21322
   0.67845 -0.01979  0.21135
   0.69483 -0.01887  0.20970
   0.71122 -0.01796  0.20799
   0.72760 -0.01704  0.20672
   0.74400 -0.01611  0.20521
   0.76039 -0.01519  0.20388
   0.77678 -0.01426  0.20285
   0.79318 -0.01332  0.20205
   0.80957 -0.01239  0.20108
   0.82596 -0.01145  0.20055
   0.84235 -0.01051  0.20059
   0.85874 -0.00956  0.20040
   0.87511 -0.00861  0.20151
   0.89146 -0.00766  0.20289
   0.90777 -0.00670  0.20502
   0.92397 -0.00575  0.20875
   0.93996 -0.00480  0.21412
   0.95546 -0.00387  0.22274
   0.96999 -0.00299  0.23532
   0.98295 -0.00220  0.25543
   0.99388 -0.00153  0.29196
   1.00000 -0.00116  0.40945
