   1.00000  0.00105  0.38272
   0.99410  0.00193  0.21499
   0.98337  0.00352  0.14632
   0.97059  0.00538  0.09272
   0.95641  0.00741  0.04946
   0.94152  0.00950  0.01224
   0.92632  0.01160 -0.01997
   0.91100  0.01366 -0.04916
   0.89562  0.01569 -0.07599
   0.88022  0.01769 -0.10043
   0.86481  0.01964 -0.12316
   0.84938  0.02156 -0.14552
   0.83395  0.02343 -0.16684
   0.81851  0.02527 -0.18673
   0.80307  0.02706 -0.20727
   0.78762  0.02882 -0.22620
   0.77217  0.03054 -0.24550
   0.75671  0.03222 -0.26388
   0.74125  0.03386 -0.28275
   0.72579  0.03545 -0.30143
   0.71033  0.03701 -0.31944
   0.69486  0.03853 -0.33780
   0.67940  0.04001 -0.35666
   0.66393  0.04144 -0.37429
   0.64847  0.04284 -0.39397
   0.63300  0.04419 -0.41198
   0.61754  0.04549 -0.43117
   0.60208  0.04675 -0.45028
   0.58663  0.04796 -0.46979
   0.57118  0.04913 -0.48978
   0.55573  0.05024 -0.51008
   0.54029  0.05131 -0.53030
   0.52486  0.05232 -0.55209
   0.50943  0.05328 -0.57281
   0.49401  0.05418 -0.59555
   0.47860  0.05503 -0.61815
   0.46321  0.05581 -0.64191
   0.44782  0.05654 -0.66622
   0.43245  0.05719 -0.69124
   0.41710  0.05778 -0.71817
   0.40178  0.05830 -0.74667
   0.38652  0.05874 -0.77729
   0.37130  0.05909 -0.80608
   0.35610  0.05934 -0.83570
   0.34093  0.05950 -0.86573
   0.32578  0.05955 -0.89638
   0.31067  0.05949 -0.92809
   0.29559  0.05933 -0.96084
   0.28054  0.05905 -0.99516
   0.26553  0.05865 -1.03051
   0.25057  0.05813 -1.06770
   0.23566  0.05747 -1.10706
   0.22081  0.05668 -1.14853
   0.20602  0.05574 -1.19263
   0.19131  0.05465 -1.23991
   0.17669  0.05340 -1.29104
   0.16218  0.05198 -1.34669
   0.14780  0.05038 -1.40761
   0.13358  0.04859 -1.47559
   0.11956  0.04660 -1.55203
   0.10581  0.04441 -1.63826
   0.09241  0.04200 -1.73867
   0.07951  0.03939 -1.85508
   0.06733  0.03661 -1.99146
   0.05613  0.03371 -2.14958
   0.04618  0.03081 -2.33189
   0.03765  0.02799 -2.53552
   0.03052  0.02532 -2.76031
   0.02463  0.02283 -3.00004
   0.01977  0.02053 -3.25838
   0.01575  0.01837 -3.53081
   0.01240  0.01633 -3.81862
   0.00959  0.01439 -4.12065
   0.00722  0.01251 -4.42481
   0.00524  0.01067 -4.72385
   0.00360  0.00886 -4.98214
   0.00228  0.00706 -5.16359
   0.00126  0.00526 -5.18633
   0.00055  0.00348 -4.97948
   0.00013  0.00172 -4.50406
   0.00000  0.00002 -3.80244
   0.00013 -0.00167 -2.97364
   0.00055 -0.00341 -2.04399
   0.00128 -0.00517 -1.15386
   0.00233 -0.00690 -0.41378
   0.00370 -0.00861  0.13520
   0.00539 -0.01028  0.51045
   0.00742 -0.01194  0.75132
   0.00982 -0.01359  0.89463
   0.01266 -0.01525  0.97018
   0.01601 -0.01695  0.99845
   0.02000 -0.01869  0.99375
   0.02479 -0.02050  0.96587
   0.03057 -0.02240  0.92154
   0.03758 -0.02438  0.86620
   0.04599 -0.02641  0.80438
   0.05590 -0.02845  0.74078
   0.06717 -0.03041  0.67951
   0.07954 -0.03223  0.62300
   0.09272 -0.03386  0.57308
   0.10645 -0.03529  0.52921
   0.12057 -0.03651  0.49112
   0.13497 -0.03756  0.45811
   0.14957 -0.03843  0.42900
   0.16434 -0.03914  0.40399
   0.17922 -0.03972  0.38158
   0.19422 -0.04017  0.36179
   0.20930 -0.04051  0.34431
   0.22445 -0.04074  0.32876
   0.23967 -0.04087  0.31459
   0.25494 -0.04092  0.30203
   0.27026 -0.04089  0.29078
   0.28563 -0.04079  0.28015
   0.30103 -0.04063  0.27084
   0.31647 -0.04040  0.26202
   0.33194 -0.04012  0.25406
   0.34743 -0.03979  0.24639
   0.36295 -0.03941  0.23959
   0.37849 -0.03899  0.23249
   0.39404 -0.03854  0.22596
   0.40958 -0.03805  0.21881
   0.42510 -0.03752  0.21285
   0.44063 -0.03694  0.20767
   0.45618 -0.03633  0.20311
   0.47173 -0.03567  0.19890
   0.48730 -0.03498  0.19491
   0.50288 -0.03426  0.19139
   0.51847 -0.03350  0.18823
   0.53407 -0.03272  0.18495
   0.54968 -0.03191  0.18240
   0.56530 -0.03108  0.17964
   0.58092 -0.03022  0.17704
   0.59655 -0.02934  0.17514
   0.61219 -0.02843  0.17257
   0.62784 -0.02751  0.17095
   0.64349 -0.02657  0.16932
   0.65914 -0.02561  0.16688
   0.67480 -0.02464  0.16625
   0.69046 -0.02364  0.16432
   0.70612 -0.02264  0.16271
   0.72179 -0.02162  0.16223
   0.73745 -0.02058  0.16084
   0.75312 -0.01953  0.16024
   0.76879 -0.01846  0.15929
   0.78445 -0.01739  0.15927
   0.80012 -0.01630  0.15831
   0.81578 -0.01519  0.15901
   0.83144 -0.01407  0.15888
   0.84710 -0.01294  0.16009
   0.86276 -0.01179  0.16087
   0.87841 -0.01063  0.16268
   0.89405 -0.00946  0.16498
   0.90967 -0.00827  0.16835
   0.92524 -0.00707  0.17329
   0.94069 -0.00586  0.18043
   0.95583 -0.00466  0.18941
   0.97023 -0.00350  0.20401
   0.98320 -0.00244  0.22568
   0.99405 -0.00155  0.26254
   1.00000 -0.00105  0.38272
